0.10547	-0.39209	-0.91919
0.10876	-0.32849	-0.92993
0.09741	-0.31091	-0.94360
0.06030	-0.00244	-0.93604
0.08533	0.31775	-0.89893
0.06873	0.57544	-0.76221
0.06189	0.76343	-0.59692
0.10010	0.92017	-0.29895
0.19897	0.89197	0.03259
0.16785	0.91016	0.17993
0.19312	0.87109	0.36536
0.19751	0.85632	0.45618
0.16956	0.76758	0.62341
0.19006	0.67883	0.75806
0.10217	0.42432	0.92139
0.08411	0.22131	0.96655
0.06775	-0.11365	1.07458
0.02905	-0.18079	0.86353
0.13123	-0.37366	0.96484
0.18860	-0.62000	0.89795
0.12268	-0.72205	0.83044
0.09546	-0.90723	0.60327
0.06482	-0.92480	0.48364
0.05151	-0.99695	0.36023
0.00610	-1.04248	0.04810
0.05273	-1.00854	-0.18799
0.01819	-0.86206	-0.52979
0.13745	-0.68201	-0.68677
0.16016	-0.52612	-0.87878
0.14819	-0.45239	-0.90332
0.23059	-0.07996	-0.97205
0.26672	0.08411	-0.99707
0.12036	0.43542	-0.81958
0.17346	0.44421	-0.76343
0.17285	0.78235	-0.59619
0.10559	0.82678	-0.29895
0.06812	0.88379	-0.06226
0.16541	0.99731	0.16846
0.06824	0.88965	0.41272
0.02332	0.88745	0.48914
0.10132	0.67053	0.64307
0.15759	0.38538	0.91479
0.14038	0.36353	0.94604
0.10754	0.43884	0.98596
0.16211	0.58704	0.82227
0.19885	0.86182	0.40247
0.16443	0.83472	-0.00427
0.06006	0.87463	-0.39868
0.01624	0.67761	-0.65222
-0.01782	0.34680	-0.84534
0.00647	0.14954	-0.97607
-0.04712	-0.21130	-0.95862
-0.09705	-0.44751	-0.83752
-0.04749	-0.57031	-0.79077
0.07043	-0.82898	-0.55908
0.22437	-1.01904	-0.26074
0.17371	-1.01501	-0.03210
0.11646	-0.96289	0.34033
0.05615	-1.01282	0.65076
0.15100	-0.66138	0.63037
0.08691	-0.53564	0.90295
0.01306	-0.30591	0.98914
-0.03406	-0.04138	1.04529
0.03601	0.13416	1.03027
-0.02502	0.46863	0.86670
-0.06323	0.58643	0.76855
-0.00977	0.73132	0.57153
0.05127	0.92395	0.43726
0.14148	0.91223	0.06860
0.14746	0.91064	-0.06702
0.02197	0.98169	-0.41333
0.15015	0.69934	-0.48926
0.12354	0.48572	-0.70422
-0.04382	0.27295	-0.94348
-0.10254	0.00073	-0.96680
-0.05688	-0.13013	-0.92517
-0.08508	-0.31360	-0.91309
-0.03711	-0.44177	-0.88342
0.03503	-0.76160	-0.67187
0.14905	-0.97791	-0.50549
0.13464	-0.92969	-0.28308
0.23560	-1.01453	-0.03430
0.10242	-0.99255	0.44873
0.07495	-0.79248	0.74280
0.09216	-0.67456	0.81335
0.06128	-0.49988	0.89832
0.02563	-0.36462	0.98242
0.04199	-0.40955	0.94751
-0.14819	-0.54065	0.82556
-0.55225	-0.58301	0.60400
-0.87939	-0.46411	0.21960
-0.83948	-0.31897	-0.09497
-0.81128	-0.20972	-0.40857
-0.64282	-0.14490	-0.45837
-0.64709	-0.02844	-0.74390
-0.30957	-0.11975	-0.81299
-0.06274	-0.09192	-0.96985
0.00134	-0.14526	-0.99609
0.14697	-0.16028	-0.93896
0.71582	0.05103	-0.77087
0.89600	0.11548	-0.43140
1.06189	0.09351	-0.12451
1.05579	0.08472	0.19873
1.00867	0.09961	0.51770
0.82056	0.09106	0.60718
0.69458	0.12219	0.84900
0.45557	0.10242	0.94714
0.27869	0.06042	0.94495
-0.02856	0.05151	1.02295
-0.39600	-0.02783	0.92578
-0.66565	-0.04895	0.78967
-0.79028	-0.15698	0.38025
-0.81982	-0.19592	0.03760
-0.82446	-0.17285	-0.26123
-0.64404	-0.20691	-0.56140
-0.52283	-0.13953	-0.75769
-0.33655	-0.16382	-0.86804
-0.10242	-0.16333	-0.93506
0.25366	-0.09912	-0.92786
0.33887	-0.07263	-0.82092
0.83240	-0.22510	-0.85559
0.87903	-0.00208	-0.53345
1.07153	0.05139	-0.30713
1.04675	0.05933	-0.00366
1.07202	0.00500	0.18982
0.90613	0.10144	0.47949
0.90918	-0.00671	0.59998
0.75671	-0.00427	0.81055
0.67920	0.00391	0.81873
0.42529	0.03027	0.97131
0.19385	-0.01965	1.05164
-0.24097	-0.11047	0.93201
-0.58081	-0.11768	0.84888
-0.81067	-0.17102	0.51990
-0.84277	-0.20813	0.11792
-0.74146	-0.25159	-0.18298
-0.78601	-0.15149	-0.54883
-0.60950	-0.18689	-0.61743
-0.50562	-0.15002	-0.81970
-0.22485	-0.23120	-0.94421
0.26965	-0.15198	-0.94751
0.58154	0.01196	-0.78894
0.78662	0.01111	-0.58289
1.03992	0.01111	-0.30298
1.10315	0.03845	0.07129
1.03149	0.05078	0.41309
0.92566	0.04163	0.65320
0.70056	0.05884	0.78015
0.46069	0.03442	0.99963
0.23279	-0.01855	1.01672
-0.11243	-0.05981	0.99646
-0.69421	-0.08362	0.62280
-0.89917	-0.02734	0.29675
-0.84692	-0.07019	-0.02002
-0.89514	-0.06213	-0.24207
-0.79346	-0.07593	-0.40247
-0.67786	-0.10510	-0.59839
-0.57861	-0.12744	-0.66748
-0.53906	-0.11597	-0.72717
-0.70007	-0.06177	-0.58240
-0.87927	-0.03906	-0.31934
-0.90210	-0.04919	0.03040
-0.83496	-0.03979	0.32947
-0.70312	-0.06897	0.64404
-0.45386	-0.03210	0.86426
-0.10938	0.02954	0.98132
0.15723	0.10706	1.00842
0.31580	0.09851	0.99133
0.42737	0.09436	0.98437
0.55615	0.06909	0.89514
0.60010	0.08948	0.87341
0.73938	0.11047	0.84839
0.98450	-0.05273	0.41882
1.07141	-0.00500	0.33191
1.07251	-0.00012	-0.03589
1.02991	0.00085	-0.29687
0.75012	-0.07605	-0.67151
0.56018	-0.16113	-0.81836
0.21045	-0.23376	-0.94177
-0.08154	-0.32910	-0.97559
-0.13269	-0.28333	-0.91650
-0.47327	-0.24756	-0.73254
-0.64771	-0.19678	-0.56006
-0.79675	-0.11609	-0.31348
-0.93433	-0.07629	-0.09607
-0.85828	-0.05737	0.20654
-0.79980	-0.01416	0.43164
-0.71228	0.04626	0.66528
-0.57471	0.09082	0.80176
-0.39612	0.08508	0.85901
-0.28003	0.12268	0.91284
-0.11597	0.13574	0.99036
0.09583	0.10535	1.02820
0.34424	0.11804	1.00781
0.49780	0.09070	0.90344
0.60132	0.05493	0.83667
0.68835	0.00745	0.84644
0.72400	0.03564	0.81470
0.84753	0.06665	0.71191
1.01013	0.01196	0.46912
1.05957	0.07507	0.19897
1.04102	0.06494	-0.13110
0.96313	0.00769	-0.39526
0.72522	-0.14148	-0.69617
0.42505	-0.33655	-0.96509
0.23840	-0.23206	-0.90015
0.03003	-0.25525	-1.01086
-0.20459	-0.24780	-0.85876
-0.53711	-0.16602	-0.64746
-0.75134	-0.12036	-0.36389
-0.99536	-0.01514	-0.02026
-0.83472	0.05188	0.39917
-0.66711	0.10132	0.69189
-0.34460	0.15308	0.86438
-0.20264	0.13855	0.96411
0.08826	0.15210	1.02490
0.24121	0.17749	0.99768
0.28284	0.11023	0.99902
0.37964	0.09375	0.92725
0.50110	0.15759	0.95007
0.75696	0.08826	0.79553
0.92004	0.01843	0.55920
1.01709	0.00134	0.34583
1.03381	-0.02197	-0.03064
1.02344	-0.03406	-0.30347
0.81836	-0.20935	-0.69836
0.48657	-0.20569	-0.80103
0.49597	-0.16748	-0.89978
0.21497	-0.23132	-1.00903
0.07068	-0.31824	-0.94849
-0.29102	-0.21240	-0.83276
-0.57312	-0.14880	-0.66602
-0.73096	-0.13293	-0.46448
-0.92615	-0.14429	-0.20337
-0.83411	-0.04346	-0.00024
-0.93958	-0.06519	0.32373
-0.81775	0.07507	0.35449
-0.65247	0.10205	0.50146
-0.44812	0.32739	0.71460
-0.39783	0.70129	0.74780
-0.22034	0.72656	0.50208
-0.13220	0.87061	0.25610
-0.09460	0.91272	0.10889
-0.02783	0.93079	-0.01599
0.04968	0.97717	0.00037
0.31897	0.98535	-0.15405
0.58533	0.69055	-0.21497
0.84546	0.47656	-0.23437
1.00781	0.22717	-0.16296
1.05103	-0.12146	-0.09985
1.02710	-0.31067	0.07959
0.98804	-0.55969	0.14258
0.77258	-0.72412	0.17188
0.72021	-0.87573	0.20068
0.51758	-0.92847	0.12170
0.22571	-1.04980	0.14636
-0.05713	-1.01099	0.13025
-0.32056	-0.94397	0.07886
-0.59546	-0.77759	-0.02832
-0.71313	-0.61816	-0.05774
-0.80090	-0.53723	0.03345
-0.90869	-0.27600	-0.04858
-0.85962	-0.01733	-0.08484
-0.78296	0.26172	-0.07751
-0.75830	0.49805	-0.02271
-0.57031	0.63086	0.02271
-0.44165	0.81323	0.12939
-0.32715	0.79810	0.00952
-0.22668	0.89844	0.07446
-0.02893	0.96301	0.05334
0.23975	0.91956	0.04810
0.50696	0.85852	0.05701
0.78662	0.66785	0.04333
1.00171	0.43701	-0.01770
1.05798	0.13989	-0.03174
1.03540	0.10791	0.00598
0.99304	0.44629	0.00745
0.65674	0.71252	0.11243
0.24072	0.86365	0.09924
0.12427	0.99292	-0.07275
-0.20496	0.89111	-0.02380
-0.57642	0.77075	-0.10266
-0.80286	0.48584	-0.01001
-0.75757	0.08423	-0.05200
-0.84265	-0.28931	0.02673
-0.88147	-0.56335	0.06848
-0.59070	-0.75562	0.01782
-0.39148	-0.84119	-0.04370
-0.33960	-1.00061	0.02063
-0.11169	-1.02881	-0.01965
-0.04663	-1.03357	0.03076
0.25964	-1.07996	-0.00232
0.62842	-0.86304	0.10913
0.86157	-0.57312	0.14844
1.02686	-0.26733	0.19031
1.08423	0.04248	0.11194
0.93909	0.39075	0.13831
0.91211	0.53186	0.04822
0.71008	0.68103	0.02625
0.59900	0.94446	0.06934
0.13232	0.91382	-0.10022
-0.28210	0.97144	-0.07190
-0.48474	0.68896	-0.08386
-0.73157	0.33105	-0.10706
-0.83777	0.10059	-0.06750
-0.93909	-0.08313	0.04785
-0.88062	-0.26672	-0.01599
-0.86206	-0.38745	-0.00806
-0.80994	-0.45349	0.01904
-0.73828	-0.63562	0.03503
-0.59143	-0.72803	-0.05396
-0.30176	-0.93823	-0.02527
-0.16101	-1.05066	-0.01086
0.14929	-1.04492	0.01733
0.56165	-0.92908	0.11902
0.73352	-0.81067	0.14661
0.85803	-0.65381	0.10620
0.87866	-0.59180	0.03320
1.04724	-0.40027	0.04968
1.14001	-0.27771	0.08582
1.06433	0.03528	-0.10632
1.02002	0.20178	-0.21008
0.91968	0.47766	-0.19116
0.74036	0.56604	-0.16296
0.72192	0.74158	0.06152
0.68726	0.79016	0.24390
0.56177	0.67053	0.50232
0.39600	0.51929	0.80139
0.23120	0.47937	0.89478
0.11682	0.27368	0.81018
-0.03381	0.42395	1.05603
-0.19702	0.03613	1.00793
-0.38562	-0.12000	0.92273
-0.61145	-0.26514	0.66980
-0.71765	-0.41907	0.47241
-0.77356	-0.66968	0.26135
-0.61658	-0.59729	-0.04895
-0.50952	-0.72034	-0.35852
-0.37683	-0.60474	-0.63477
-0.24719	-0.47534	-0.76892
-0.05103	-0.43457	-0.86316
-0.00037	-0.25903	-0.96875
0.20129	-0.24915	-0.98499
0.53601	0.03320	-0.79443
0.78711	0.21973	-0.61633
0.93225	0.45251	-0.12683
0.89929	0.43127	0.23950
0.84534	0.42737	0.49268
0.66772	0.38611	0.70947
0.53748	0.18506	0.98120
0.25305	-0.01563	1.00854
-0.15247	-0.25354	0.97534
-0.51233	-0.48853	0.74902
-0.59900	-0.56775	0.50220
-0.70264	-0.61707	0.11841
-0.68127	-0.62695	-0.21411
-0.58984	-0.55066	-0.51416
-0.42932	-0.31152	-0.68359
-0.29749	-0.24207	-0.82715
-0.16028	-0.32922	-1.01379
0.14111	-0.06470	-0.90588
0.56311	0.04480	-0.82544
0.71973	0.30054	-0.69324
0.88574	0.35498	-0.31372
0.93384	0.45813	-0.08459
0.93909	0.42822	0.29553
0.86450	0.33472	0.52734
0.74817	0.23291	0.65222
0.60754	0.19128	0.89087
0.49902	0.01038	0.89392
0.38904	-0.00720	1.01245
0.30090	-0.12207	1.05566
0.09387	-0.26318	0.99524
0.32288	-0.22095	1.07361
0.41785	-0.63647	0.82324
0.54443	-0.68481	0.58154
0.66968	-0.82764	0.30151
0.69287	-0.76562	-0.09741
0.62073	-0.62280	-0.49280
0.57483	-0.45532	-0.70593
0.35229	-0.34814	-0.91174
0.28040	-0.23535	-0.99170
0.14990	-0.21216	-0.93884
0.00208	-0.04468	-0.93542
-0.31213	0.18848	-0.85059
-0.50952	0.38904	-0.61072
-0.62744	0.61633	-0.27905
-0.58130	0.65674	0.16333
-0.46301	0.63232	0.44629
-0.41565	0.61475	0.65088
-0.07922	0.49744	0.71497
-0.10022	0.46375	0.91296
0.01721	0.35864	0.94739
0.15894	0.27393	0.98254
0.19360	0.24829	0.97131
0.31042	0.00647	1.04846
0.32178	-0.45361	1.03479
0.42017	-0.61243	0.72217
0.40430	-0.84766	0.46289
0.64075	-0.81799	0.08899
0.80908	-0.82764	-0.03357
0.78857	-0.63245	-0.11023
1.08289	-0.55591	-0.06091
0.96692	-0.31653	-0.33521
1.07263	-0.04041	-0.31909
0.80005	0.34265	-0.49304
0.70105	0.52502	-0.47058
0.56531	0.70117	-0.28271
0.31433	0.79993	-0.54431
0.09290	0.94800	-0.28894
-0.25720	0.71509	-0.52747
-0.36633	0.72180	-0.40735
-0.45898	0.74182	-0.29565
-0.63904	0.53772	-0.03772
-0.73987	0.49438	0.26831
-0.70569	0.31543	0.46875
-0.70032	-0.04163	0.66992
-0.63892	-0.31140	0.62427
-0.50366	-0.71863	0.46960
-0.23694	-0.89551	0.39636
-0.00964	-0.98108	0.25281
-0.08569	-0.93188	0.49133
0.08960	-0.95215	0.39270
-0.09399	-0.94958	0.57275
-0.11536	-0.76196	0.60596
-0.06409	-0.38782	1.04199
-0.22266	-0.28516	0.89954
-0.27930	0.04443	1.01172
-0.27222	0.44360	0.82825
-0.14612	0.70227	0.59717
-0.03784	0.91394	0.37329
0.23987	0.90125	0.03979
0.37170	0.84839	-0.06421
0.53906	0.77612	-0.20654
0.71313	0.74255	-0.34009
0.79517	0.59338	-0.36768
0.93323	0.34521	-0.28320
1.02515	0.12317	-0.08801
0.92004	-0.09412	-0.40601
0.86743	-0.27002	-0.74719
0.65820	-0.59729	-0.49902
0.57410	-0.76929	-0.49780
0.40625	-0.90601	-0.47693
0.24854	-0.97742	-0.26868
0.03638	-1.01709	-0.20911
-0.45923	-0.84448	-0.28003
-0.67407	-0.59180	-0.27417
-0.84778	-0.34473	-0.25562
-0.82275	-0.03613	-0.34924
-0.66248	0.44312	-0.35291
-0.44397	0.69849	-0.31006
-0.29785	0.73376	-0.31384
-0.07373	0.99316	-0.10022
0.06335	0.88660	0.09961
0.24280	0.87061	0.37915
0.35205	0.67358	0.57581
0.53235	0.53296	0.69873
0.49048	0.36804	0.81262
0.32495	0.38184	0.91711
0.27832	0.27881	0.93347
0.32092	0.12842	1.05811
0.24500	0.08472	1.03552
0.30005	0.03015	1.02344
0.25598	-0.13892	1.04797
0.25647	-0.15613	1.00842
0.21716	-0.18518	0.97827
0.20837	-0.17725	0.97107
0.17139	-0.22278	1.00037
0.18384	-0.18713	1.02563
-0.04541	-0.33655	0.98108
-0.09973	-0.30566	0.92041
-0.02905	-0.36072	1.01331
-0.03589	-0.17102	1.00000
0.00647	-0.06348	1.02136
0.02039	-0.02393	1.02759
0.02673	0.00952	1.04138
-0.01184	-0.00745	1.01965
0.13196	-0.00183	1.11792
0.28699	0.14587	0.87329
0.29321	0.01257	1.00073
0.25232	-0.02368	1.09351
0.38135	0.25354	0.88074
0.44824	0.18860	1.02380
0.25745	0.08008	1.00403
0.24353	-0.00342	1.00317
0.21777	-0.08142	1.04919
0.23035	-0.07373	0.96619
0.25110	-0.26050	1.00330
0.26636	-0.28235	1.01294
0.00159	-0.54675	0.86365
-0.20642	-0.34253	0.92432
-0.42078	-0.55518	0.70593
-0.58057	-0.21533	0.82239
-0.69873	-0.23340	0.67639
-0.85571	0.05164	0.22314
-0.82703	0.25012	-0.13220
-0.68970	0.34534	-0.42395
-0.47363	0.26746	-0.69812
-0.28833	0.32812	-0.81250
0.10791	0.24182	-0.96301
0.51831	0.08508	-0.82886
0.79297	-0.22437	-0.50757
0.83899	-0.67847	-0.18042
0.62219	-0.95483	0.06433
0.34021	-0.93335	0.17004
0.23254	-1.00342	0.38135
0.05347	-0.89856	0.55762
-0.14624	-0.75586	0.77747
-0.29260	-0.46826	0.88623
-0.36938	-0.21045	0.95178
-0.18359	0.14319	0.92529
-0.27002	0.46387	0.90051
-0.18628	0.71375	0.57227
-0.03821	0.88159	0.24548
0.01172	0.91772	-0.10876
0.13977	0.66833	-0.53491
0.36548	0.44751	-0.77930
0.52307	0.19714	-0.84583
0.69043	0.13025	-0.71106
0.82092	0.26685	-0.57690
0.99915	0.23987	-0.42822
0.87451	0.25574	-0.45093
0.78589	0.22253	-0.58960
0.76575	0.15747	-0.81030
0.61438	-0.40906	-0.92603
0.52490	-0.76074	-0.52930
0.50342	-0.84216	-0.07410
0.39734	-0.91431	0.23474
0.26965	-0.83521	0.60376
0.18420	-0.60620	0.80408
0.01672	-0.17603	1.01819
-0.13855	-0.07104	0.97986
-0.33777	0.25244	0.79724
-0.56824	0.48059	0.54553
-0.68689	0.56946	0.43665
-0.72961	0.56482	0.28076
-0.71570	0.52881	0.12305
-0.70752	0.49597	-0.10437
-0.70703	0.52515	-0.17883
-0.56519	0.60535	-0.30786
-0.47156	-0.04480	-0.78467
-0.32007	0.07080	-0.81567
-0.24194	-0.29944	-0.80103
-0.07239	-0.84668	-0.71021
-0.09912	-0.78809	-0.69861
0.05090	-0.87561	-0.55554
0.36462	-0.89221	-0.36267
0.67102	-0.88721	0.01697
0.70947	-0.65625	0.53613
0.51685	-0.35547	0.81091
0.28284	0.10254	0.99487
0.30933	0.33191	1.01428
0.38623	0.38135	0.77991
0.34558	0.63989	0.64966
0.06226	0.80969	0.62292
0.08789	0.93848	0.25818
-0.29077	0.83289	0.02026
-0.59229	0.55359	-0.21899
-0.71765	0.23340	-0.31262
-0.85132	0.16394	-0.49683
-0.78186	-0.10645	-0.48022
-0.67542	-0.35693	-0.49609
-0.38293	-0.73926	-0.48767
-0.07410	-0.90576	-0.26465
0.45667	-1.03369	-0.02393
0.65222	-0.88098	0.27649
0.81580	-0.64136	0.39453
0.91028	-0.27979	0.41675
0.99133	0.14343	0.50623
0.96289	0.50537	0.27026
0.97058	0.45435	0.08813
0.91248	0.44299	-0.11096
0.78748	0.57117	-0.27527
0.68408	0.73096	-0.38831
0.23181	0.87573	-0.16052
-0.08264	0.85144	0.23291
-0.22009	0.68677	0.56689
-0.10742	0.30310	0.86340
-0.16138	0.01147	1.02698
-0.11658	-0.22900	1.02136
-0.36890	-0.49341	0.95728
-0.53833	-0.60767	0.48901
-0.55786	-0.69177	-0.07227
-0.36218	-0.69934	-0.55176
-0.06299	-0.20386	-0.99219
0.19434	0.41077	-0.81702
0.23816	0.64307	-0.69543
0.13623	0.79871	-0.52563
0.13977	0.82019	-0.40771
0.19153	0.86511	-0.22205
0.33093	0.97949	-0.00195
0.73767	0.66479	0.18274
1.02087	0.27869	0.36121
0.96411	-0.07983	0.45007
1.05664	-0.06836	0.40466
0.79919	0.04578	0.73169
0.59863	0.16248	0.89624
0.22131	0.26599	0.93762
-0.14014	0.42749	0.88416
-0.49792	0.49854	0.60535